15,72,0,0
15.0158,72,0,0.03
15.033,72,0,0.06
15.0518,72,0,0.09
15.072,72,0,0.12
15.0938,72,0,0.15
15.117,72,0,0.18
15.1418,72,0,0.21
15.168,72,0,0.24
15.1958,72,0,0.27
15.225,72,0,0.3
15.2558,72,0,0.33
15.288,72,0,0.36
15.3218,72,0,0.39
15.357,72,0,0.42
15.3938,72,0,0.45
15.432,72,0,0.48
15.4718,72,0,0.51
15.513,72,0,0.54
15.5558,72,0,0.57
15.6,72,0,0.6
15.6458,72,0,0.63
15.693,72,0,0.66
15.7418,72,0,0.69
15.792,72,0,0.72
15.8438,72,0,0.75
15.897,72,0,0.78
15.9518,72,0,0.81
16.008,72,0,0.84
16.0658,72,0,0.87
16.125,72,0,0.9
16.1858,72,0,0.93
16.248,72,0,0.96
16.3118,72,0,0.99
16.377,72,0,1.02
16.4438,72,0,1.05
16.512,72,0,1.08
16.5818,72,0,1.11
16.653,72,0,1.14
16.7258,72,0,1.17
16.8,72,0,1.2
16.8758,72,0,1.23
16.953,72,0,1.26
17.0318,72,0,1.29
17.112,72,0,1.32
17.1938,72,0,1.35
17.277,72,0,1.38
17.3618,72,0,1.41
17.448,72,0,1.44
17.5358,72,0,1.47
17.625,72,0,1.5
17.7158,72,0,1.53
17.808,72,0,1.56
17.9018,72,0,1.59
17.997,72,0,1.62
18.0938,72,0,1.65
18.192,72,0,1.68
18.2918,72,0,1.71
18.393,72,0,1.74
18.4958,72,0,1.77
18.6,72,0,1.8
18.7058,72,0,1.83
18.813,72,0,1.86
18.9218,72,0,1.89
19.032,72,0,1.92
19.1438,72,0,1.95
19.257,72,0,1.98
19.3718,72,0,2.01
19.488,72,0,2.04
19.6058,72,0,2.07
19.725,72,0,2.1
19.8458,72,0,2.13
19.968,72,0,2.16
20.0918,72,0,2.19
20.217,72,0,2.22
20.3438,72,0,2.25
20.472,72,0,2.28
20.6018,72,0,2.31
20.733,72,0,2.34
20.8658,72,0,2.37
21,72,0,2.4
21.1358,72,0,2.43
21.273,72,0,2.46
21.4118,72,0,2.49
21.552,72,0,2.52
21.6938,72,0,2.55
21.837,72,0,2.58
21.9818,72,0,2.61
22.128,72,0,2.64
22.2758,72,0,2.67
22.425,72,0,2.7
22.5758,72,0,2.73
22.728,72,0,2.76
22.8818,72,0,2.79
23.037,72,0,2.82
23.1938,72,0,2.85
23.352,72,0,2.88
23.5118,72,0,2.91
23.673,72,0,2.94
23.8358,72,0,2.97
24,72,0,3
24.1264,71.9771,6.2819,3
24.2529,71.9538,6.2795,3
24.3793,71.9301,6.2761,3
24.5057,71.9057,6.2717,3
24.6322,71.8806,6.2662,3
24.7586,71.8547,6.2607,3
24.8849,71.828,6.2552,3
25.0113,71.8005,6.2497,3
25.1376,71.7722,6.2442,3
25.2639,71.7432,6.2387,3
25.3902,71.7133,6.2332,3
25.5164,71.6827,6.2277,3
25.6426,71.6513,6.2222,3
25.7688,71.6191,6.2167,3
25.8949,71.5861,6.2112,3
26.0209,71.5523,6.2057,3
26.1469,71.5178,6.2002,3
26.2728,71.4825,6.1947,3
26.3986,71.4464,6.1892,3
26.5244,71.4095,6.1837,3
26.6501,71.3718,6.1782,3
26.7757,71.3333,6.1727,3
26.9012,71.2941,6.1672,3
27.0267,71.2541,6.1617,3
27.152,71.2133,6.1562,3
27.2773,71.1717,6.1507,3
27.4024,71.1293,6.1452,3
27.5275,71.0862,6.1397,3
27.6524,71.0423,6.1342,3
27.7773,70.9976,6.1287,3
27.902,70.9521,6.1232,3
28.0266,70.9059,6.1177,3
28.151,70.8589,6.1122,3
28.2754,70.8111,6.1067,3
28.3996,70.7625,6.1012,3
28.5236,70.7132,6.0957,3
28.6476,70.6631,6.0902,3
28.7713,70.6122,6.0847,3
28.895,70.5605,6.0792,3
29.0184,70.5081,6.0737,3
29.1418,70.4549,6.0682,3
29.2649,70.4009,6.0628,3
29.3879,70.3462,6.0573,3
29.5107,70.2907,6.0518,3
29.6334,70.2344,6.0463,3
29.7559,70.1774,6.0408,3
29.8782,70.1196,6.0353,3
30.0003,70.0611,6.0298,3
30.1222,70.0017,6.0243,3
30.2439,69.9417,6.0188,3
30.3654,69.8808,6.0133,3
30.4868,69.8192,6.0078,3
30.6079,69.7569,6.0023,3
30.7288,69.6937,5.9968,3
30.8495,69.6299,5.9913,3
30.97,69.5652,5.9858,3
31.0902,69.4999,5.9803,3
31.2103,69.4337,5.9748,3
31.3301,69.3668,5.9693,3
31.4496,69.2992,5.9638,3
31.569,69.2308,5.9583,3
31.6881,69.1617,5.9528,3
31.8069,69.0918,5.9473,3
31.9255,69.0212,5.9418,3
32.0439,68.9498,5.9363,3
32.162,68.8777,5.9308,3
32.2798,68.8049,5.9253,3
32.3974,68.7313,5.9198,3
32.5147,68.657,5.9143,3
32.6317,68.5819,5.9088,3
32.7485,68.5061,5.9033,3
32.8649,68.4296,5.8978,3
32.9811,68.3523,5.8923,3
33.097,68.2743,5.8868,3
33.2126,68.1956,5.8813,3
33.328,68.1161,5.8758,3
33.443,68.0359,5.8703,3
33.5577,67.955,5.8648,3
33.6721,67.8734,5.8593,3
33.7862,67.7911,5.8538,3
33.9,67.708,5.8483,3
34.0135,67.6242,5.8428,3
34.1266,67.5397,5.8373,3
34.2394,67.4545,5.8318,3
34.3519,67.3685,5.8263,3
34.4641,67.2819,5.8208,3
34.5759,67.1945,5.8153,3
34.6874,67.1065,5.8099,3
34.7985,67.0177,5.8044,3
34.9093,66.9282,5.7989,3
35.0198,66.8381,5.7934,3
35.1299,66.7472,5.7879,3
35.2396,66.6556,5.7824,3
35.349,66.5633,5.7769,3
35.458,66.4704,5.7714,3
35.5667,66.3769,5.7669,3
35.6751,66.2829,5.7635,3
35.7835,66.1887,5.7612,3
35.8917,66.0944,5.7598,3
36,66,5.7596,3
36.137,65.9647,5.7609,3
36.2742,65.9296,5.7633,3
36.4117,65.895,5.7667,3
36.5494,65.8609,5.7711,3
36.6875,65.8275,5.7766,3
36.826,65.7948,5.7821,3
36.9649,65.7628,5.7876,3
37.1042,65.7314,5.7931,3
37.2438,65.7008,5.7986,3
37.3838,65.6708,5.8041,3
37.5241,65.6416,5.8096,3
37.6649,65.613,5.8151,3
37.8059,65.5852,5.8206,3
37.9473,65.558,5.8261,3
38.0891,65.5316,5.8316,3
38.2312,65.5058,5.8371,3
38.3737,65.4808,5.8426,3
38.5164,65.4565,5.8481,3
38.6596,65.4329,5.8536,3
38.803,65.41,5.8591,3
38.9468,65.3878,5.8646,3
39.0909,65.3663,5.8701,3
39.2353,65.3456,5.8756,3
39.38,65.3256,5.8811,3
39.525,65.3063,5.8866,3
39.6704,65.2877,5.8921,3
39.816,65.2698,5.8976,3
39.962,65.2527,5.9031,3
40.1082,65.2363,5.9086,3
40.2547,65.2206,5.914,3
40.4015,65.2057,5.9195,3
40.5486,65.1915,5.925,3
40.696,65.178,5.9305,3
40.8436,65.1653,5.936,3
40.9916,65.1533,5.9415,3
41.1398,65.142,5.947,3
41.2882,65.1315,5.9525,3
41.4369,65.1217,5.958,3
41.5859,65.1126,5.9635,3
41.7351,65.1043,5.969,3
41.8846,65.0968,5.9745,3
42.0343,65.09,5.98,3
42.1843,65.0839,5.9855,3
42.3345,65.0786,5.991,3
42.4849,65.0741,5.9965,3
42.6356,65.0702,6.002,3
42.7864,65.0672,6.0075,3
42.9376,65.0649,6.013,3
43.0889,65.0633,6.0185,3
43.2404,65.0625,6.024,3
43.3921,65.0625,6.0295,3
43.5441,65.0632,6.035,3
43.6962,65.0647,6.0405,3
43.8486,65.067,6.046,3
44.0011,65.07,6.0515,3
44.1539,65.0737,6.057,3
44.3068,65.0783,6.0625,3
44.4599,65.0836,6.068,3
44.6131,65.0896,6.0735,3
44.7666,65.0964,6.079,3
44.9202,65.104,6.0845,3
45.074,65.1124,6.09,3
45.2279,65.1215,6.0955,3
45.382,65.1314,6.101,3
45.5363,65.1421,6.1065,3
45.6907,65.1535,6.112,3
45.8452,65.1657,6.1175,3
45.9999,65.1787,6.123,3
46.1548,65.1925,6.1285,3
46.3097,65.207,6.134,3
46.4648,65.2223,6.1395,3
46.62,65.2384,6.145,3
46.7754,65.2552,6.1505,3
46.9308,65.2729,6.156,3
47.0864,65.2913,6.1614,3
47.242,65.3105,6.1669,3
47.3978,65.3304,6.1724,3
47.5537,65.3512,6.1779,3
47.7097,65.3727,6.1834,3
47.8657,65.395,6.1889,3
48.0219,65.4181,6.1944,3
48.1781,65.442,6.1999,3
48.3344,65.4666,6.2054,3
48.4908,65.4921,6.2109,3
48.6473,65.5183,6.2164,3
48.8038,65.5453,6.2219,3
48.9604,65.573,6.2274,3
49.1171,65.6016,6.2329,3
49.2738,65.6309,6.2384,3
49.4306,65.6611,6.2439,3
49.5874,65.692,6.2494,3
49.7442,65.7237,6.2549,3
49.9011,65.7562,6.2604,3
50.058,65.7894,6.2659,3
50.215,65.8235,6.2714,3
50.372,65.8581,6.2759,3
50.529,65.8933,6.2793,3
50.686,65.9288,6.2816,3
50.843,65.9644,6.2829,3
51,66,6.2831,3
51.1264,65.9771,6.2819,3
51.2529,65.9538,6.2795,3
51.3793,65.9301,6.2761,3
51.5057,65.9057,6.2717,3
51.6322,65.8806,6.2662,3
51.7586,65.8547,6.2607,3
51.8849,65.828,6.2552,3
52.0113,65.8005,6.2497,3
52.1376,65.7722,6.2442,3
52.2639,65.7432,6.2387,3
52.3902,65.7133,6.2332,3
52.5164,65.6827,6.2277,3
52.6426,65.6513,6.2222,3
52.7688,65.6191,6.2167,3
52.8949,65.5861,6.2112,3
53.0209,65.5523,6.2057,3
53.1469,65.5178,6.2002,3
53.2728,65.4825,6.1947,3
53.3986,65.4464,6.1892,3
53.5244,65.4095,6.1837,3
53.6501,65.3718,6.1782,3
53.7757,65.3333,6.1727,3
53.9012,65.2941,6.1672,3
54.0267,65.2541,6.1617,3
54.152,65.2133,6.1562,3
54.2773,65.1717,6.1507,3
54.4024,65.1293,6.1452,3
54.5275,65.0862,6.1397,3
54.6524,65.0423,6.1342,3
54.7773,64.9976,6.1287,3
54.902,64.9521,6.1232,3
55.0266,64.9059,6.1177,3
55.151,64.8589,6.1122,3
55.2754,64.8111,6.1067,3
55.3996,64.7625,6.1012,3
55.5236,64.7132,6.0957,3
55.6476,64.6631,6.0902,3
55.7713,64.6122,6.0847,3
55.895,64.5605,6.0792,3
56.0184,64.5081,6.0737,3
56.1418,64.4549,6.0682,3
56.2649,64.4009,6.0628,3
56.3879,64.3462,6.0573,3
56.5107,64.2907,6.0518,3
56.6334,64.2344,6.0463,3
56.7559,64.1774,6.0408,3
56.8782,64.1196,6.0353,3
57.0003,64.0611,6.0298,3
57.1222,64.0017,6.0243,3
57.2439,63.9417,6.0188,3
57.3654,63.8808,6.0133,3
57.4868,63.8192,6.0078,3
57.6079,63.7569,6.0023,3
57.7288,63.6937,5.9968,3
57.8495,63.6299,5.9913,3
57.97,63.5652,5.9858,3
58.0902,63.4999,5.9803,3
58.2103,63.4337,5.9748,3
58.3301,63.3668,5.9693,3
58.4496,63.2992,5.9638,3
58.569,63.2308,5.9583,3
58.6881,63.1617,5.9528,3
58.8069,63.0918,5.9473,3
58.9255,63.0212,5.9418,3
59.0439,62.9498,5.9363,3
59.162,62.8777,5.9308,3
59.2798,62.8049,5.9253,3
59.3974,62.7313,5.9198,3
59.5147,62.657,5.9143,3
59.6317,62.5819,5.9088,3
59.7485,62.5061,5.9033,3
59.8649,62.4296,5.8978,3
59.9811,62.3523,5.8923,3
60.097,62.2743,5.8868,3
60.2126,62.1956,5.8813,3
60.328,62.1161,5.8758,3
60.443,62.0359,5.8703,3
60.5577,61.955,5.8648,3
60.6721,61.8734,5.8593,3
60.7862,61.7911,5.8538,3
60.9,61.708,5.8483,3
61.0135,61.6242,5.8428,3
61.1266,61.5397,5.8373,3
61.2394,61.4545,5.8318,3
61.3519,61.3685,5.8263,3
61.4641,61.2819,5.8208,3
61.5759,61.1945,5.8153,3
61.6874,61.1065,5.8099,3
61.7985,61.0177,5.8044,3
61.9093,60.9282,5.7989,3
62.0198,60.8381,5.7934,3
62.1299,60.7472,5.7879,3
62.2396,60.6556,5.7824,3
62.349,60.5633,5.7769,3
62.458,60.4704,5.7714,3
62.5667,60.3769,5.7669,3
62.6751,60.2829,5.7635,3
62.7835,60.1887,5.7612,3
62.8917,60.0944,5.7598,3
63,60,5.7596,3
63.1017,59.9125,5.7583,2.97
63.2019,59.8255,5.7559,2.94
63.3006,59.7388,5.7525,2.91
63.3976,59.6524,5.7481,2.88
63.4931,59.5661,5.7426,2.85
63.5868,59.4799,5.7371,2.82
63.6789,59.3939,5.7316,2.79
63.7693,59.3081,5.7261,2.76
63.8581,59.2224,5.7206,2.73
63.9452,59.1369,5.7151,2.7
64.0307,59.0517,5.7096,2.67
64.1145,58.9667,5.7041,2.64
64.1967,58.8819,5.6986,2.61
64.2773,58.7974,5.6931,2.58
64.3563,58.7132,5.6876,2.55
64.4336,58.6292,5.6821,2.52
64.5093,58.5456,5.6766,2.49
64.5835,58.4623,5.6711,2.46
64.656,58.3793,5.6656,2.43
64.727,58.2966,5.6601,2.4
64.7963,58.2144,5.6546,2.37
64.8641,58.1325,5.6491,2.34
64.9304,58.051,5.6436,2.31
64.995,57.9699,5.6381,2.28
65.0581,57.8892,5.6326,2.25
65.1197,57.809,5.6271,2.22
65.1797,57.7292,5.6216,2.19
65.2382,57.6499,5.6161,2.16
65.2951,57.571,5.6106,2.13
65.3505,57.4927,5.6051,2.1
65.4044,57.4149,5.5996,2.07
65.4568,57.3375,5.5941,2.04
65.5077,57.2608,5.5886,2.01
65.5572,57.1845,5.5831,1.98
65.6051,57.1089,5.5776,1.95
65.6516,57.0338,5.5721,1.92
65.6966,56.9593,5.5666,1.89
65.7401,56.8854,5.5611,1.86
65.7822,56.8121,5.5556,1.83
65.8228,56.7395,5.5501,1.8
65.862,56.6675,5.5446,1.77
65.8998,56.5962,5.5392,1.74
65.9362,56.5255,5.5337,1.71
65.9712,56.4555,5.5282,1.68
66.0047,56.3862,5.5227,1.65
66.0369,56.3177,5.5172,1.62
66.0677,56.2498,5.5117,1.59
66.0972,56.1827,5.5062,1.56
66.1252,56.1163,5.5007,1.53
66.152,56.0507,5.4952,1.5
66.1773,55.9859,5.4897,1.47
66.2014,55.9219,5.4842,1.44
66.2241,55.8586,5.4787,1.41
66.2455,55.7962,5.4732,1.38
66.2656,55.7346,5.4677,1.35
66.2845,55.6739,5.4622,1.32
66.302,55.614,5.4567,1.29
66.3183,55.5549,5.4512,1.26
66.3333,55.4967,5.4457,1.23
66.347,55.4394,5.4402,1.2
66.3595,55.3831,5.4347,1.17
66.3708,55.3276,5.4292,1.14
66.3808,55.273,5.4237,1.11
66.3897,55.2194,5.4182,1.08
66.3973,55.1667,5.4127,1.05
66.4038,55.115,5.4072,1.02
66.4091,55.0642,5.4017,0.99
66.4132,55.0144,5.3962,0.96
66.4162,54.9656,5.3907,0.93
66.418,54.9178,5.3852,0.9
66.4187,54.871,5.3797,0.87
66.4182,54.8253,5.3742,0.84
66.4167,54.7805,5.3687,0.81
66.4141,54.7369,5.3632,0.78
66.4103,54.6942,5.3577,0.75
66.4055,54.6527,5.3522,0.72
66.3997,54.6122,5.3467,0.69
66.3928,54.5728,5.3412,0.66
66.3848,54.5344,5.3357,0.63
66.3758,54.4972,5.3302,0.6
66.3659,54.4611,5.3247,0.57
66.3549,54.4262,5.3192,0.54
66.3429,54.3923,5.3137,0.51
66.3299,54.3597,5.3082,0.48
66.316,54.3281,5.3027,0.45
66.3011,54.2978,5.2972,0.42
66.2853,54.2686,5.2918,0.39
66.2685,54.2406,5.2863,0.36
66.2509,54.2137,5.2808,0.33
66.2323,54.1881,5.2753,0.3
66.2129,54.1637,5.2698,0.27
66.1925,54.1405,5.2643,0.24
66.1714,54.1186,5.2588,0.21
66.1493,54.0979,5.2533,0.18
66.1264,54.0784,5.2478,0.15
66.1027,54.0602,5.2433,0.12
66.0782,54.0432,5.2399,0.09
66.0529,54.0275,5.2376,0.06
66.0269,54.0131,5.2362,0.03
66,54,5.236,0
65.9929,54.0043,5.236,0.03
65.9865,54.0073,5.236,0.06
65.9809,54.009,5.236,0.09
65.976,54.0094,5.236,0.12
65.9719,54.0085,5.236,0.15
65.9685,54.0063,5.236,0.18
65.9659,54.0028,5.236,0.21
65.964,53.998,5.236,0.24
65.9629,53.992,5.236,0.27
65.9625,53.9846,5.236,0.3
65.9629,53.9759,5.236,0.33
65.964,53.9659,5.236,0.36
65.9659,53.9546,5.236,0.39
65.9685,53.942,5.236,0.42
65.9719,53.9281,5.236,0.45
65.976,53.913,5.236,0.48
65.9809,53.8965,5.236,0.51
65.9865,53.8787,5.236,0.54
65.9929,53.8596,5.236,0.57
66,53.8392,5.236,0.6
66.0079,53.8176,5.236,0.63
66.0165,53.7946,5.236,0.66
66.0259,53.7703,5.236,0.69
66.036,53.7447,5.236,0.72
66.0469,53.7178,5.236,0.75
66.0585,53.6897,5.236,0.78
66.0709,53.6602,5.236,0.81
66.084,53.6294,5.236,0.84
66.0979,53.5974,5.236,0.87
66.1125,53.564,5.236,0.9
66.1279,53.5293,5.236,0.93
66.144,53.4934,5.236,0.96
66.1609,53.4561,5.236,0.99
66.1785,53.4175,5.236,1.02
66.1969,53.3777,5.236,1.05
66.216,53.3365,5.236,1.08
66.2359,53.294,5.236,1.11
66.2565,53.2503,5.236,1.14
66.2779,53.2052,5.236,1.17
66.3,53.1588,5.236,1.2
66.3229,53.1112,5.236,1.23
66.3465,53.0622,5.236,1.26
66.3709,53.012,5.236,1.29
66.396,52.9604,5.236,1.32
66.4219,52.9076,5.236,1.35
66.4485,52.8534,5.236,1.38
66.4759,52.798,5.236,1.41
66.504,52.7412,5.236,1.44
66.5329,52.6831,5.236,1.47
66.5625,52.6238,5.236,1.5
66.5929,52.5631,5.236,1.53
66.624,52.5012,5.236,1.56
66.6559,52.438,5.236,1.59
66.6885,52.3734,5.236,1.62
66.7219,52.3076,5.236,1.65
66.756,52.2404,5.236,1.68
66.7909,52.172,5.236,1.71
66.8265,52.1022,5.236,1.74
66.8629,52.0312,5.236,1.77
66.9,51.9588,5.236,1.8
66.9379,51.8852,5.236,1.83
66.9765,51.8103,5.236,1.86
67.0159,51.734,5.236,1.89
67.056,51.6565,5.236,1.92
67.0969,51.5777,5.236,1.95
67.1385,51.4975,5.236,1.98
67.1809,51.4161,5.236,2.01
67.224,51.3334,5.236,2.04
67.2679,51.2493,5.236,2.07
67.3125,51.164,5.236,2.1
67.3579,51.0774,5.236,2.13
67.404,50.9894,5.236,2.16
67.4509,50.9002,5.236,2.19
67.4985,50.8097,5.236,2.22
67.5469,50.7178,5.236,2.25
67.596,50.6247,5.236,2.28
67.6459,50.5303,5.236,2.31
67.6965,50.4346,5.236,2.34
67.7479,50.3376,5.236,2.37
67.8,50.2392,5.236,2.4
67.8529,50.1396,5.236,2.43
67.9065,50.0387,5.236,2.46
67.9609,49.9365,5.236,2.49
68.016,49.833,5.236,2.52
68.0719,49.7281,5.236,2.55
68.1285,49.622,5.236,2.58
68.1859,49.5146,5.236,2.61
68.244,49.4059,5.236,2.64
68.3029,49.2959,5.236,2.67
68.3625,49.1846,5.236,2.7
68.4229,49.072,5.236,2.73
68.484,48.958,5.236,2.76
68.5459,48.8428,5.236,2.79
68.6085,48.7263,5.236,2.82
68.6719,48.6085,5.236,2.85
68.736,48.4894,5.236,2.88
68.8009,48.369,5.236,2.91
68.8665,48.2473,5.236,2.94
68.9329,48.1243,5.236,2.97
69,48,5.236,3
69.0353,47.863,5.2347,3
69.0704,47.7258,5.2323,3
69.105,47.5883,5.2289,3
69.1391,47.4506,5.2245,3
69.1725,47.3125,5.219,3
69.2052,47.174,5.2135,3
69.2372,47.0351,5.208,3
69.2686,46.8958,5.2025,3
69.2992,46.7562,5.197,3
69.3292,46.6162,5.1915,3
69.3584,46.4759,5.186,3
69.387,46.3351,5.1805,3
69.4148,46.1941,5.175,3
69.442,46.0527,5.1695,3
69.4684,45.9109,5.164,3
69.4942,45.7688,5.1585,3
69.5192,45.6263,5.153,3
69.5435,45.4836,5.1475,3
69.5671,45.3404,5.142,3
69.59,45.197,5.1365,3
69.6122,45.0532,5.131,3
69.6337,44.9091,5.1255,3
69.6544,44.7647,5.12,3
69.6744,44.62,5.1145,3
69.6937,44.475,5.109,3
69.7123,44.3296,5.1035,3
69.7302,44.184,5.098,3
69.7473,44.038,5.0925,3
69.7637,43.8918,5.087,3
69.7794,43.7453,5.0815,3
69.7943,43.5985,5.076,3
69.8085,43.4514,5.0705,3
69.822,43.304,5.065,3
69.8347,43.1564,5.0595,3
69.8467,43.0084,5.054,3
69.858,42.8602,5.0485,3
69.8685,42.7118,5.043,3
69.8783,42.5631,5.0375,3
69.8874,42.4141,5.032,3
69.8957,42.2649,5.0265,3
69.9032,42.1154,5.0211,3
69.91,41.9657,5.0156,3
69.9161,41.8157,5.0101,3
69.9214,41.6655,5.0046,3
69.9259,41.5151,4.9991,3
69.9298,41.3644,4.9936,3
69.9328,41.2136,4.9881,3
69.9351,41.0624,4.9826,3
69.9367,40.9111,4.9771,3
69.9375,40.7596,4.9716,3
69.9375,40.6079,4.9661,3
69.9368,40.4559,4.9606,3
69.9353,40.3038,4.9551,3
69.933,40.1514,4.9496,3
69.93,39.9989,4.9441,3
69.9263,39.8461,4.9386,3
69.9217,39.6932,4.9331,3
69.9164,39.5401,4.9276,3
69.9104,39.3869,4.9221,3
69.9036,39.2334,4.9166,3
69.896,39.0798,4.9111,3
69.8876,38.926,4.9056,3
69.8785,38.7721,4.9001,3
69.8686,38.618,4.8946,3
69.8579,38.4637,4.8891,3
69.8465,38.3093,4.8836,3
69.8343,38.1548,4.8781,3
69.8213,38.0001,4.8726,3
69.8075,37.8452,4.8671,3
69.793,37.6903,4.8616,3
69.7777,37.5352,4.8561,3
69.7616,37.38,4.8506,3
69.7448,37.2246,4.8451,3
69.7271,37.0692,4.8396,3
69.7087,36.9136,4.8341,3
69.6895,36.758,4.8286,3
69.6696,36.6022,4.8231,3
69.6488,36.4463,4.8176,3
69.6273,36.2903,4.8121,3
69.605,36.1343,4.8066,3
69.5819,35.9781,4.8011,3
69.558,35.8219,4.7956,3
69.5334,35.6656,4.7901,3
69.5079,35.5092,4.7846,3
69.4817,35.3527,4.7791,3
69.4547,35.1962,4.7737,3
69.427,35.0396,4.7682,3
69.3984,34.8829,4.7627,3
69.3691,34.7262,4.7572,3
69.3389,34.5694,4.7517,3
69.308,34.4126,4.7462,3
69.2763,34.2558,4.7407,3
69.2438,34.0989,4.7352,3
69.2106,33.942,4.7297,3
69.1765,33.785,4.7242,3
69.1419,33.628,4.7197,3
69.1067,33.471,4.7163,3
69.0712,33.314,4.714,3
69.0356,33.157,4.7127,3
69,33,4.7124,3
69.0229,32.8736,4.7137,3
69.0462,32.7471,4.7161,3
69.0699,32.6207,4.7195,3
69.0943,32.4943,4.7239,3
69.1194,32.3678,4.7294,3
69.1453,32.2414,4.7349,3
69.172,32.1151,4.7404,3
69.1995,31.9887,4.7459,3
69.2278,31.8624,4.7514,3
69.2568,31.7361,4.7569,3
69.2867,31.6098,4.7624,3
69.3173,31.4836,4.7679,3
69.3487,31.3574,4.7734,3
69.3809,31.2312,4.7789,3
69.4139,31.1051,4.7844,3
69.4477,30.9791,4.7899,3
69.4822,30.8531,4.7954,3
69.5175,30.7272,4.8009,3
69.5536,30.6014,4.8064,3
69.5905,30.4756,4.8119,3
69.6282,30.3499,4.8174,3
69.6667,30.2243,4.8229,3
69.7059,30.0988,4.8284,3
69.7459,29.9733,4.8339,3
69.7867,29.848,4.8394,3
69.8283,29.7227,4.8449,3
69.8707,29.5976,4.8504,3
69.9138,29.4725,4.8559,3
69.9577,29.3476,4.8614,3
70.0024,29.2227,4.8669,3
70.0479,29.098,4.8723,3
70.0941,28.9734,4.8778,3
70.1411,28.849,4.8833,3
70.1889,28.7246,4.8888,3
70.2375,28.6004,4.8943,3
70.2868,28.4764,4.8998,3
70.3369,28.3524,4.9053,3
70.3878,28.2287,4.9108,3
70.4395,28.105,4.9163,3
70.4919,27.9816,4.9218,3
70.5451,27.8582,4.9273,3
70.5991,27.7351,4.9328,3
70.6538,27.6121,4.9383,3
70.7093,27.4893,4.9438,3
70.7656,27.3666,4.9493,3
70.8226,27.2441,4.9548,3
70.8804,27.1218,4.9603,3
70.9389,26.9997,4.9658,3
70.9983,26.8778,4.9713,3
71.0583,26.7561,4.9768,3
71.1192,26.6346,4.9823,3
71.1808,26.5132,4.9878,3
71.2431,26.3921,4.9933,3
71.3063,26.2712,4.9988,3
71.3701,26.1505,5.0043,3
71.4348,26.03,5.0098,3
71.5001,25.9098,5.0153,3
71.5663,25.7897,5.0208,3
71.6332,25.6699,5.0263,3
71.7008,25.5504,5.0318,3
71.7692,25.431,5.0373,3
71.8383,25.3119,5.0428,3
71.9082,25.1931,5.0483,3
71.9788,25.0745,5.0538,3
72.0502,24.9561,5.0593,3
72.1223,24.838,5.0648,3
72.1951,24.7202,5.0703,3
72.2687,24.6026,5.0758,3
72.343,24.4853,5.0813,3
72.4181,24.3683,5.0868,3
72.4939,24.2515,5.0923,3
72.5704,24.1351,5.0978,3
72.6477,24.0189,5.1033,3
72.7257,23.903,5.1088,3
72.8044,23.7874,5.1143,3
72.8839,23.672,5.1197,3
72.9641,23.557,5.1252,3
73.045,23.4423,5.1307,3
73.1266,23.3279,5.1362,3
73.2089,23.2138,5.1417,3
73.292,23.1,5.1472,3
73.3758,22.9865,5.1527,3
73.4603,22.8734,5.1582,3
73.5455,22.7606,5.1637,3
73.6315,22.6481,5.1692,3
73.7181,22.5359,5.1747,3
73.8055,22.4241,5.1802,3
73.8935,22.3126,5.1857,3
73.9823,22.2015,5.1912,3
74.0718,22.0907,5.1967,3
74.1619,21.9802,5.2022,3
74.2528,21.8701,5.2077,3
74.3444,21.7604,5.2132,3
74.4367,21.651,5.2187,3
74.5296,21.542,5.2242,3
74.6231,21.4333,5.2287,3
74.7171,21.3249,5.2321,3
74.8113,21.2165,5.2344,3
74.9056,21.1083,5.2357,3
75,21,5.236,3
75.06,20.88,5.236,3
75.12,20.76,5.236,3
75.18,20.64,5.236,3
75.24,20.52,5.236,3
75.3,20.4,5.236,3
75.36,20.28,5.236,3
75.42,20.16,5.236,3
75.48,20.04,5.236,3
75.54,19.92,5.236,3
75.6,19.8,5.236,3
75.66,19.68,5.236,3
75.72,19.56,5.236,3
75.78,19.44,5.236,3
75.84,19.32,5.236,3
75.9,19.2,5.236,3
75.96,19.08,5.236,3
76.02,18.96,5.236,3
76.08,18.84,5.236,3
76.14,18.72,5.236,3
76.2,18.6,5.236,3
76.26,18.48,5.236,3
76.32,18.36,5.236,3
76.38,18.24,5.236,3
76.44,18.12,5.236,3
76.5,18,5.236,3
76.56,17.88,5.236,3
76.62,17.76,5.236,3
76.68,17.64,5.236,3
76.74,17.52,5.236,3
76.8,17.4,5.236,3
76.86,17.28,5.236,3
76.92,17.16,5.236,3
76.98,17.04,5.236,3
77.04,16.92,5.236,3
77.1,16.8,5.236,3
77.16,16.68,5.236,3
77.22,16.56,5.236,3
77.28,16.44,5.236,3
77.34,16.32,5.236,3
77.4,16.2,5.236,3
77.46,16.08,5.236,3
77.52,15.96,5.236,3
77.58,15.84,5.236,3
77.64,15.72,5.236,3
77.7,15.6,5.236,3
77.76,15.48,5.236,3
77.82,15.36,5.236,3
77.88,15.24,5.236,3
77.94,15.12,5.236,3
78,15,5.236,3
78.06,14.88,5.236,3
78.12,14.76,5.236,3
78.18,14.64,5.236,3
78.24,14.52,5.236,3
78.3,14.4,5.236,3
78.36,14.28,5.236,3
78.42,14.16,5.236,3
78.48,14.04,5.236,3
78.54,13.92,5.236,3
78.6,13.8,5.236,3
78.66,13.68,5.236,3
78.72,13.56,5.236,3
78.78,13.44,5.236,3
78.84,13.32,5.236,3
78.9,13.2,5.236,3
78.96,13.08,5.236,3
79.02,12.96,5.236,3
79.08,12.84,5.236,3
79.14,12.72,5.236,3
79.2,12.6,5.236,3
79.26,12.48,5.236,3
79.32,12.36,5.236,3
79.38,12.24,5.236,3
79.44,12.12,5.236,3
79.5,12,5.236,3
79.56,11.88,5.236,3
79.62,11.76,5.236,3
79.68,11.64,5.236,3
79.74,11.52,5.236,3
79.8,11.4,5.236,3
79.86,11.28,5.236,3
79.92,11.16,5.236,3
79.98,11.04,5.236,3
80.04,10.92,5.236,3
80.1,10.8,5.236,3
80.16,10.68,5.236,3
80.22,10.56,5.236,3
80.28,10.44,5.236,3
80.34,10.32,5.236,3
80.4,10.2,5.236,3
80.46,10.08,5.236,3
80.52,9.96,5.236,3
80.58,9.84,5.236,3
80.64,9.72,5.236,3
80.7,9.6,5.236,3
80.76,9.48,5.236,3
80.82,9.36,5.236,3
80.88,9.24,5.236,3
80.94,9.12,5.236,3
81,9,5.236,3
